[LEFT_CAM_2K]
fx=1397.56
fy=1397.56
cx=1122.46
cy=644.111
k1=-0.174052
k2=0.0275357
p1=-0.000123612
p2=-0.000178855
k3=0

[RIGHT_CAM_2K]
fx=1400.58
fy=1400.58
cx=1080.16
cy=602.019
k1=-0.178471
k2=0.030297
p1=-0.000250308
p2=-0.000145579
k3=0

[LEFT_CAM_FHD]
fx=1397.56
fy=1397.56
cx=978.46
cy=563.111
k1=-0.174052
k2=0.0275357
p1=-0.000123612
p2=-0.000178855
k3=0

[RIGHT_CAM_FHD]
fx=1400.58
fy=1400.58
cx=936.16
cy=521.019
k1=-0.178471
k2=0.030297
p1=-0.000250308
p2=-0.000145579
k3=0

[LEFT_CAM_HD]
fx=698.78
fy=698.78
cx=647.73
cy=370.0555
k1=-0.174052
k2=0.0275357
p1=-0.000123612
p2=-0.000178855
k3=0

[RIGHT_CAM_HD]
fx=700.29
fy=700.29
cx=626.58
cy=349.0095
k1=-0.178471
k2=0.030297
p1=-0.000250308
p2=-0.000145579
k3=0

[LEFT_CAM_VGA]
fx=349.39
fy=349.39
cx=339.365
cy=192.52775
k1=-0.174052
k2=0.0275357
p1=-0.000123612
p2=-0.000178855
k3=0

[RIGHT_CAM_VGA]
fx=350.145
fy=350.145
cx=328.79
cy=182.00475
k1=-0.178471
k2=0.030297
p1=-0.000250308
p2=-0.000145579
k3=0

[STEREO]
Baseline=63.0147
TY=0.00462128
TZ=-0.0104533
CV_2K=0.00484576
CV_FHD=0.00484576
CV_HD=0.00484576
CV_VGA=0.00484576
RX_2K=-0.00292063
RX_FHD=-0.00292063
RX_HD=-0.00292063
RX_VGA=-0.00292063
RZ_2K=-0.00017991
RZ_FHD=-0.00017991
RZ_HD=-0.00017991
RZ_VGA=-0.00017991

[MISC]
Sensor_ID=0


