[LEFT_CAM_2K]
fx=1542.8
fy=1543.63
cx=1106.56
cy=625.444
k1=-0.0360987
k2=0.0135959
k3=0.0100199
k4=-0.00613612

[RIGHT_CAM_2K]
fx=1542.63
fy=1543.06
cx=1078.88
cy=638.044
k1=-0.0362729
k2=0.0177246
k3=0.00018938
k4=-0.00110325

[LEFT_CAM_FHD]
fx=1542.8
fy=1543.63
cx=962.56
cy=544.444
k1=-0.0360987
k2=0.0135959
k3=0.0100199
k4=-0.00613612

[RIGHT_CAM_FHD]
fx=1542.63
fy=1543.06
cx=934.88
cy=557.044
k1=-0.0362729
k2=0.0177246
k3=0.00018938
k4=-0.00110325

[LEFT_CAM_HD]
fx=771.4
fy=771.815
cx=639.78
cy=360.722
k1=-0.0360987
k2=0.0135959
k3=0.0100199
k4=-0.00613612

[RIGHT_CAM_HD]
fx=771.315
fy=771.53
cx=625.94
cy=367.022
k1=-0.0362729
k2=0.0177246
k3=0.00018938
k4=-0.00110325

[LEFT_CAM_VGA]
fx=385.7
fy=385.9075
cx=335.39
cy=187.861
k1=-0.0360987
k2=0.0135959
k3=0.0100199
k4=-0.00613612

[RIGHT_CAM_VGA]
fx=385.6575
fy=385.765
cx=328.47
cy=191.011
k1=-0.0362729
k2=0.0177246
k3=0.00018938
k4=-0.00110325

[STEREO]
Baseline=62.8006
TY=-0.00346123
TZ=0.662718
CV_2K=0.00607108
CV_FHD=0.00607108
CV_HD=0.00607108
CV_VGA=0.00607108
RX_2K=0.00907417
RX_FHD=0.00907417
RX_HD=0.00907417
RX_VGA=0.00907417
RZ_2K=-0.000173888
RZ_FHD=-0.000173888
RZ_HD=-0.000173888
RZ_VGA=-0.000173888

[MISC]
Sensor_ID=0


